-0.25815692481328223 -0.49017062558035696 -0.5265160120144406 0.31855800301670495 0.3996617091899487 0.1637435152081324 -0.4830911522555855 6.635838994388446
0.3388769512678156 -0.3311293610625178 -0.057122456761488 0.5347015530028686 0.5045535594842622 0.44157812440856276 -0.05051830995234848 6.5882002153416055
-2.071542712950086 -4.447827796906207
0.9740935942583868 -1.5905515583025944
-0.7067081444789268 -4.057462057117134
-0.04204790578883954 -1.3962830159772162
-0.8713635002815943 2.9407822329134685
-0.22228628258735408 -2.0668125911452977
-0.23818997390062407 -4.2757798580985105
1.5176450598234523 6.69061656787776


